1569719381956599000
123,123,1569719370892936000
0,0,1569719369913015000
1,1,1569719369920246000
2,2,1569719369927873000
3,3,1569719369934063000
4,4,1569719369940400000
5,5,1569719369946618000
6,6,1569719369954328000
7,7,1569719369961220000
8,8,1569719369967465000
9,9,1569719369973926000
10,10,1569719369980661000
11,11,1569719369987451000
12,12,1569719369996310000
13,13,1569719370003790000
14,14,1569719370013657000
15,15,1569719370021443000
16,16,1569719370029618000
17,17,1569719370035785000
18,18,1569719370043619000
19,19,1569719370049907000
20,20,1569719370055842000
21,21,1569719370064580000
22,22,1569719370071306000
23,23,1569719370077720000
24,24,1569719370084754000
25,25,1569719370090611000
26,26,1569719370100549000
27,27,1569719370107147000
28,28,1569719370113437000
29,29,1569719370120614000
30,30,1569719370128907000
31,31,1569719370136246000
32,32,1569719370142281000
33,33,1569719370148329000
34,34,1569719370155491000
35,35,1569719370164110000
36,36,1569719370171766000
37,37,1569719370178385000
38,38,1569719370184537000
39,39,1569719370191123000
40,40,1569719370198442000
41,41,1569719370205214000
42,42,1569719370212089000
43,43,1569719370218385000
44,44,1569719370236905000
45,45,1569719370245821000
46,46,1569719370252718000
47,47,1569719370259595000
48,48,1569719370265848000
49,49,1569719370272075000
50,50,1569719370280648000
51,51,1569719370288462000
52,52,1569719370295809000
53,53,1569719370302204000
54,54,1569719370308436000
55,55,1569719370315968000
56,56,1569719370321981000
57,57,1569719370329091000
58,58,1569719370337285000
59,59,1569719370344442000
60,60,1569719370352603000
61,61,1569719370358967000
62,62,1569719370366751000
63,63,1569719370375379000
64,64,1569719370388660000
65,65,1569719370397055000
66,66,1569719370408764000
67,67,1569719370423235000
68,68,1569719370432072000
69,69,1569719370440705000
70,70,1569719370449644000
71,71,1569719370459500000
72,72,1569719370468142000
73,73,1569719370475483000
74,74,1569719370486286000
75,75,1569719370496273000
76,76,1569719370503319000
77,77,1569719370521012000
78,78,1569719370529314000
79,79,1569719370538539000
80,80,1569719370548508000
81,81,1569719370555970000
82,82,1569719370566087000
83,83,1569719370573367000
84,84,1569719370582850000
85,85,1569719370589827000
86,86,1569719370597452000
87,87,1569719370604671000
88,88,1569719370612976000
89,89,1569719370620150000
90,90,1569719370627754000
91,91,1569719370635020000
92,92,1569719370643788000
93,93,1569719370653472000
94,94,1569719370660635000
95,95,1569719370668898000
96,96,1569719370676490000
97,97,1569719370683464000
98,98,1569719370690370000
99,99,1569719370697588000
100,100,1569719370704879000
101,101,1569719370713215000
102,102,1569719370721084000
103,103,1569719370729131000
104,104,1569719370736368000
105,105,1569719370742577000
106,106,1569719370758382000
107,107,1569719370767085000
108,108,1569719370774682000
109,109,1569719370781732000
110,110,1569719370788881000
111,111,1569719370796853000
112,112,1569719370803420000
113,113,1569719370820160000
114,114,1569719370826799000
115,115,1569719370833266000
116,116,1569719370840338000
117,117,1569719370849220000
118,118,1569719370857487000
119,119,1569719370864708000
120,120,1569719370871586000
121,121,1569719370878082000
122,122,1569719370886141000
124,124,1569719370902355000
125,125,1569719371215248000
126,126,1569719371830889000
127,127,1569719371839683000
128,128,1569719371845975000
129,129,1569719371851999000
130,130,1569719371858373000
131,131,1569719371864796000
132,132,1569719371872762000
133,133,1569719371881589000
134,134,1569719371890343000
135,135,1569719371896881000
136,136,1569719371905679000
137,137,1569719371915889000
138,138,1569719371925637000
139,139,1569719371937215000
140,140,1569719371948201000
141,141,1569719371958471000
142,142,1569719371968857000
143,143,1569719371976055000
144,144,1569719371986399000
145,145,1569719371993622000
146,146,1569719372001706000
147,147,1569719372010339000
148,148,1569719372019590000
149,149,1569719372027298000
150,150,1569719372035041000
151,151,1569719372041633000
152,152,1569719372048920000
153,153,1569719372057347000
154,154,1569719372067299000
155,155,1569719372075055000
156,156,1569719372082714000
157,157,1569719372089103000
158,158,1569719372097887000
159,159,1569719372104573000
160,160,1569719372111386000
161,161,1569719372120842000
162,162,1569719372127987000
163,163,1569719372136221000
164,164,1569719372144620000
165,165,1569719372154841000
166,166,1569719372163372000
167,167,1569719372170470000
168,168,1569719372176926000
169,169,1569719372185046000
170,170,1569719372192257000
171,171,1569719372201793000
172,172,1569719372209935000
173,173,1569719372216524000
174,174,1569719372223827000
175,175,1569719372232248000
176,176,1569719372238741000
177,177,1569719372251929000
178,178,1569719372261194000
179,179,1569719372269814000
180,180,1569719372277408000
181,181,1569719372285908000
182,182,1569719372292435000
183,183,1569719372300623000
184,184,1569719372307593000
185,185,1569719372314698000
186,186,1569719372321907000
187,187,1569719372343380000
188,188,1569719372352181000
189,189,1569719372359609000
190,190,1569719372366973000
191,191,1569719372373911000
192,192,1569719372380587000
193,193,1569719372391095000
194,194,1569719372399494000
195,195,1569719372409063000
196,196,1569719372421730000
197,197,1569719372431981000
198,198,1569719372443938000
199,199,1569719372451890000
200,200,1569719372460634000
201,201,1569719372470528000
202,202,1569719372488947000
203,203,1569719372508106000
204,204,1569719372515107000
205,205,1569719372525221000
206,206,1569719372540703000
207,207,1569719372550700000
208,208,1569719372560438000
209,209,1569719372570326000
210,210,1569719372579094000
211,211,1569719372588869000
212,212,1569719372597084000
213,213,1569719372604654000
214,214,1569719372611574000
215,215,1569719372619522000
216,216,1569719372628215000
217,217,1569719372638162000
218,218,1569719372645788000
219,219,1569719372653019000
220,220,1569719372660402000
221,221,1569719372671431000
222,222,1569719372681000000
223,223,1569719372688488000
224,224,1569719372694706000
225,225,1569719372702905000
226,226,1569719372711417000
227,227,1569719372723846000
228,228,1569719372732066000
229,229,1569719372739937000
230,230,1569719372755975000
231,231,1569719372762718000
232,232,1569719372772293000
233,233,1569719372780228000
234,234,1569719372788098000
235,235,1569719372795675000
236,236,1569719372804405000
237,237,1569719372810927000
238,238,1569719372820107000
239,239,1569719372828246000
240,240,1569719372835755000
241,241,1569719372844225000
242,242,1569719372854390000
243,243,1569719372862551000
244,244,1569719372869491000
245,245,1569719372876106000
246,246,1569719372885296000
247,247,1569719372892800000
248,248,1569719372902252000
249,249,1569719372911585000
250,250,1569719372921416000
251,251,1569719372930344000
252,252,1569719373554410000
253,253,1569719373866762000
254,254,1569719373875481000
255,255,1569719373882649000
256,256,1569719373890000000
257,257,1569719373896162000
258,258,1569719373903181000
259,259,1569719373915574000
260,260,1569719373933341000
261,261,1569719373942964000
262,262,1569719373951151000
263,263,1569719373960718000
264,264,1569719373967948000
265,265,1569719373979758000
266,266,1569719373989613000
267,267,1569719373998516000
268,268,1569719374009591000
269,269,1569719374017025000
270,270,1569719374029895000
271,271,1569719374038732000
272,272,1569719374046655000
273,273,1569719374057858000
274,274,1569719374066289000
275,275,1569719374076682000
276,276,1569719374114905000
277,277,1569719374130697000
278,278,1569719374140641000
279,279,1569719374149491000
280,280,1569719374158424000
281,281,1569719374166255000
282,282,1569719374174808000
283,283,1569719374182174000
284,284,1569719374190805000
285,285,1569719374197738000
286,286,1569719374206688000
287,287,1569719374215214000
288,288,1569719374223560000
289,289,1569719374231462000
290,290,1569719374240644000
291,291,1569719374249581000
292,292,1569719374259449000
293,293,1569719374272877000
294,294,1569719374282171000
295,295,1569719374294510000
296,296,1569719374301501000
297,297,1569719374310253000
298,298,1569719374316980000
299,299,1569719374324292000
300,300,1569719374331817000
301,301,1569719374341067000
302,302,1569719374347614000
303,303,1569719374355729000
304,304,1569719374363779000
305,305,1569719374371562000
306,306,1569719374379618000
307,307,1569719374388660000
308,308,1569719374396791000
309,309,1569719374403999000
310,310,1569719374411475000
311,311,1569719374419025000
312,312,1569719374427294000
313,313,1569719374434605000
314,314,1569719374443388000
315,315,1569719374451085000
316,316,1569719374459109000
317,317,1569719374466852000
318,318,1569719374475708000
319,319,1569719374482419000
320,320,1569719374491238000
321,321,1569719374499064000
322,322,1569719374506649000
323,323,1569719374514175000
324,324,1569719374522401000
325,325,1569719374530573000
326,326,1569719374540319000
327,327,1569719374547363000
328,328,1569719374555718000
329,329,1569719374564338000
330,330,1569719374572057000
331,331,1569719374580158000
332,332,1569719374587239000
333,333,1569719374593752000
334,334,1569719374601740000
335,335,1569719374610955000
336,336,1569719374618076000
337,337,1569719374626862000
338,338,1569719374634587000
339,339,1569719374642257000
340,340,1569719374650572000
341,341,1569719374660260000
342,342,1569719374668568000
343,343,1569719374676474000
344,344,1569719374684074000
345,345,1569719374692816000
346,346,1569719374701631000
347,347,1569719374709985000
348,348,1569719374718016000
349,349,1569719374725337000
350,350,1569719374731950000
351,351,1569719374740456000
352,352,1569719374748570000
353,353,1569719374755780000
354,354,1569719374763846000
355,355,1569719374770868000
356,356,1569719374779000000
357,357,1569719374789214000
358,358,1569719374814438000
359,359,1569719374835051000
360,360,1569719374842733000
361,361,1569719374850215000
362,362,1569719374857534000
363,363,1569719374864171000
364,364,1569719374872135000
365,365,1569719374879951000
366,366,1569719374887880000
367,367,1569719374895538000
368,368,1569719374902999000
369,369,1569719374911023000
370,370,1569719374918882000
371,371,1569719374933818000
372,372,1569719374942129000
373,373,1569719374950179000
374,374,1569719374957441000
375,375,1569719374965126000
376,376,1569719374973930000
377,377,1569719374980822000
378,378,1569719375289950000
379,379,1569719375910426000
380,380,1569719375920032000
381,381,1569719375929766000
382,382,1569719375938255000
383,383,1569719375946969000
384,384,1569719375955444000
385,385,1569719375964583000
386,386,1569719375972196000
387,387,1569719375982822000
388,388,1569719375991723000
389,389,1569719376001844000
390,390,1569719376011647000
391,391,1569719376019770000
392,392,1569719376029138000
393,393,1569719376036420000
394,394,1569719376044833000
395,395,1569719376052464000
396,396,1569719376061640000
397,397,1569719376071439000
398,398,1569719376081888000
399,399,1569719376089104000
400,400,1569719376099783000
401,401,1569719376107452000
402,402,1569719376115438000
403,403,1569719376141165000
404,404,1569719376148026000
405,405,1569719376154280000
406,406,1569719376164075000
407,407,1569719376171363000
408,408,1569719376179610000
409,409,1569719376187007000
410,410,1569719376194461000
411,411,1569719376201993000
412,412,1569719376210406000
413,413,1569719376217846000
414,414,1569719376226139000
415,415,1569719376234530000
416,416,1569719376245106000
417,417,1569719376253878000
418,418,1569719376261770000
419,419,1569719376269477000
420,420,1569719376277848000
421,421,1569719376297032000
422,422,1569719376305716000
423,423,1569719376313835000
424,424,1569719376323817000
425,425,1569719376330859000
426,426,1569719376338609000
427,427,1569719376347441000
428,428,1569719376354048000
429,429,1569719376362529000
430,430,1569719376371159000
431,431,1569719376391870000
432,432,1569719376399491000
433,433,1569719376407309000
434,434,1569719376418284000
435,435,1569719376427018000
436,436,1569719376435030000
437,437,1569719376443482000
438,438,1569719376451015000
439,439,1569719376459721000
440,440,1569719376468531000
441,441,1569719376477042000
442,442,1569719376485682000
443,443,1569719376495244000
444,444,1569719376505652000
445,445,1569719376514228000
446,446,1569719376523208000
447,447,1569719376531697000
448,448,1569719376539194000
449,449,1569719376547787000
450,450,1569719376555799000
451,451,1569719376565531000
452,452,1569719376573371000
453,453,1569719376582305000
454,454,1569719376592839000
455,455,1569719376600709000
456,456,1569719376607959000
457,457,1569719376617745000
458,458,1569719376627634000
459,459,1569719376635795000
460,460,1569719376643477000
461,461,1569719376650176000
462,462,1569719376658329000
463,463,1569719376668500000
464,464,1569719376675852000
465,465,1569719376683919000
466,466,1569719376691310000
467,467,1569719376698724000
468,468,1569719376706694000
469,469,1569719376715610000
470,470,1569719376722433000
471,471,1569719376730037000
472,472,1569719376738011000
473,473,1569719376745728000
474,474,1569719376754179000
475,475,1569719376763513000
476,476,1569719376772916000
477,477,1569719376780227000
478,478,1569719376786883000
479,479,1569719376795727000
480,480,1569719376804061000
481,481,1569719376812424000
482,482,1569719376820705000
483,483,1569719376827997000
484,484,1569719376835014000
485,485,1569719376842713000
486,486,1569719376851332000
487,487,1569719376858348000
488,488,1569719376868505000
489,489,1569719376875649000
490,490,1569719376883797000
491,491,1569719376891983000
492,492,1569719376900233000
493,493,1569719376908034000
494,494,1569719376915875000
495,495,1569719376923428000
496,496,1569719376931775000
497,497,1569719376939678000
498,498,1569719376947324000
499,499,1569719376954955000
500,500,1569719376963075000
501,501,1569719376970663000
502,502,1569719376979108000
503,503,1569719376986500000
504,504,1569719376993801000
505,505,1569719377609773000
506,506,1569719377923806000
507,507,1569719377933703000
508,508,1569719377940125000
509,509,1569719377947006000
510,510,1569719377953538000
511,511,1569719377961041000
512,512,1569719377970743000
513,513,1569719377977692000
514,514,1569719377985673000
515,515,1569719377993249000
516,516,1569719378000559000
517,517,1569719378008967000
518,518,1569719378018060000
519,519,1569719378025922000
520,520,1569719378033986000
521,521,1569719378041376000
522,522,1569719378050692000
523,523,1569719378059375000
524,524,1569719378067618000
525,525,1569719378075868000
526,526,1569719378083868000
527,527,1569719378092469000
528,528,1569719378102164000
529,529,1569719378109446000
530,530,1569719378117519000
531,531,1569719378126140000
532,532,1569719378134592000
533,533,1569719378143648000
534,534,1569719378152337000
535,535,1569719378160601000
536,536,1569719378168311000
537,537,1569719378175818000
538,538,1569719378184156000
539,539,1569719378192389000
540,540,1569719378200695000
541,541,1569719378209094000
542,542,1569719378216786000
543,543,1569719378225883000
544,544,1569719378235029000
545,545,1569719378242468000
546,546,1569719378250673000
547,547,1569719378259260000
548,548,1569719378268471000
549,549,1569719378295401000
550,550,1569719378308775000
551,551,1569719378317220000
552,552,1569719378324844000
553,553,1569719378333066000
554,554,1569719378342348000
555,555,1569719378350892000
556,556,1569719378361349000
557,557,1569719378369539000
558,558,1569719378376159000
559,559,1569719378385627000
560,560,1569719378394092000
561,561,1569719378403271000
562,562,1569719378411581000
563,563,1569719378419485000
564,564,1569719378427929000
565,565,1569719378436648000
566,566,1569719378444161000
567,567,1569719378453362000
568,568,1569719378461988000
569,569,1569719378471843000
570,570,1569719378481289000
571,571,1569719378488885000
572,572,1569719378496059000
573,573,1569719378505684000
574,574,1569719378514006000
575,575,1569719378522742000
576,576,1569719378530824000
577,577,1569719378542044000
578,578,1569719378552343000
579,579,1569719378561395000
580,580,1569719378570830000
581,581,1569719378579210000
582,582,1569719378588390000
583,583,1569719378597618000
584,584,1569719378608030000
585,585,1569719378617935000
586,586,1569719378626327000
587,587,1569719378634287000
588,588,1569719378641803000
589,589,1569719378649329000
590,590,1569719378657974000
591,591,1569719378669672000
592,592,1569719378688841000
593,593,1569719378696426000
594,594,1569719378706834000
595,595,1569719378715395000
596,596,1569719378725671000
597,597,1569719378733413000
598,598,1569719378741278000
599,599,1569719378752494000
600,600,1569719378776521000
601,601,1569719378786084000
602,602,1569719378794569000
603,603,1569719378809681000
604,604,1569719378819517000
605,605,1569719378826630000
606,606,1569719378835053000
607,607,1569719378842723000
608,608,1569719378853465000
609,609,1569719378861669000
610,610,1569719378870931000
611,611,1569719378878900000
612,612,1569719378886484000
613,613,1569719378893739000
614,614,1569719378902515000
615,615,1569719378911648000
616,616,1569719378921353000
617,617,1569719378934459000
618,618,1569719378943379000
619,619,1569719378968119000
620,620,1569719378975805000
621,621,1569719378986925000
622,622,1569719378998794000
623,623,1569719379009090000
624,624,1569719379018976000
625,625,1569719379027777000
626,626,1569719379039645000
627,627,1569719379047092000
628,628,1569719379059100000
629,629,1569719379067206000
630,630,1569719379075549000
631,631,1569719379408536000
632,632,1569719380029878000
633,633,1569719380042387000
634,634,1569719380051409000
635,635,1569719380059124000
636,636,1569719380066908000
637,637,1569719380076244000
638,638,1569719380083582000
639,639,1569719380091654000
640,640,1569719380099477000
641,641,1569719380107957000
642,642,1569719380116990000
643,643,1569719380126247000
644,644,1569719380135521000
645,645,1569719380143526000
646,646,1569719380150666000
647,647,1569719380161873000
648,648,1569719380170926000
649,649,1569719380179892000
650,650,1569719380187730000
651,651,1569719380195249000
652,652,1569719380204100000
653,653,1569719380212397000
654,654,1569719380220150000
655,655,1569719380229027000
656,656,1569719380236329000
657,657,1569719380248645000
658,658,1569719380258826000
659,659,1569719380266255000
660,660,1569719380274654000
661,661,1569719380282843000
662,662,1569719380291905000
663,663,1569719380301209000
664,664,1569719380311542000
665,665,1569719380319474000
666,666,1569719380327093000
667,667,1569719380335921000
668,668,1569719380343957000
669,669,1569719380352806000
670,670,1569719380361415000
671,671,1569719380369488000
672,672,1569719380379256000
673,673,1569719380389010000
674,674,1569719380400622000
675,675,1569719380415661000
676,676,1569719380426198000
677,677,1569719380434098000
678,678,1569719380442496000
679,679,1569719380450741000
680,680,1569719380459583000
681,681,1569719380468629000
682,682,1569719380476730000
683,683,1569719380484580000
684,684,1569719380493393000
685,685,1569719380501397000
686,686,1569719380509973000
687,687,1569719380518363000
688,688,1569719380527384000
689,689,1569719380535223000
690,690,1569719380543412000
691,691,1569719380551967000
692,692,1569719380560723000
693,693,1569719380568440000
694,694,1569719380577712000
695,695,1569719380586148000
696,696,1569719380594320000
697,697,1569719380603119000
698,698,1569719380611224000
699,699,1569719380619612000
700,700,1569719380628717000
701,701,1569719380637591000
702,702,1569719380646034000
703,703,1569719380654655000
704,704,1569719380663697000
705,705,1569719380672484000
706,706,1569719380680577000
707,707,1569719380691900000
708,708,1569719380699362000
709,709,1569719380708441000
710,710,1569719380716737000
711,711,1569719380725512000
712,712,1569719380734336000
713,713,1569719380742331000
714,714,1569719380752811000
715,715,1569719380761994000
716,716,1569719380771917000
717,717,1569719380780303000
718,718,1569719380789404000
719,719,1569719380798256000
720,720,1569719380810899000
721,721,1569719380819805000
722,722,1569719380828614000
723,723,1569719380836866000
724,724,1569719380847715000
725,725,1569719380855654000
726,726,1569719380865760000
727,727,1569719380905595000
728,728,1569719380916146000
729,729,1569719380924056000
730,730,1569719380931770000
731,731,1569719380939452000
732,732,1569719380947121000
733,733,1569719380955824000
734,734,1569719380963699000
735,735,1569719380971566000
736,736,1569719380980274000
737,737,1569719380987637000
738,738,1569719380996737000
739,739,1569719381006661000
740,740,1569719381015035000
741,741,1569719381023156000
742,742,1569719381031707000
743,743,1569719381041008000
744,744,1569719381050002000
745,745,1569719381060833000
746,746,1569719381069563000
747,747,1569719381095628000
748,748,1569719381103269000
749,749,1569719381112673000
750,750,1569719381122058000
751,751,1569719381130470000
752,752,1569719381140214000
753,753,1569719381148661000
754,754,1569719381156583000
755,755,1569719381166395000
756,756,1569719381177809000
757,757,1569719381203564000
758,758,1569719381817972000
759,759,1569719381829843000
760,760,1569719381836403000
761,761,1569719381843292000
762,762,1569719381850730000
763,763,1569719381859147000
764,764,1569719381868413000
765,765,1569719381876852000
766,766,1569719381885830000
767,767,1569719381894938000
768,768,1569719381903775000
769,769,1569719381912864000
770,770,1569719381920562000
771,771,1569719381928820000
772,772,1569719381936978000
773,773,1569719381946990000
774,774,1569719381956599000